8213
8323
8252
8201
8207
8204
8202
8213
8201
8206
8205
8204
8209
8214
8208
8209
8207
8209
8215
8216
8213
8211
8210
8214
8213
8218
8219
8218
8217
8220
8213
8220
8218
8213
8218
8209
8220
8216
8215
8214
8215
8212
8218
8221
8217
8218
8208
8222
8314
8838
8133
7429
6935
5496
4209
3496
3038
2633
2763
2745
2798
2784
2794
2787
2797
2800
2800
2804
2797
2800
2800
2794
2798
2792
2793
2787
2791
2786
2775
2774
2774
2775
2780
2780
2770
2771
2760
2766
2763
2765
2770
2773
2775
2765
2772
2766
2759
2760
2754
2750
2750
2750
2750
2761
2757
2755
2581
2890
3591
4940
6426
7836
8079
7709
8145
8321
8356
8287
8200
8231
8346
8247
8248
8200
8250
8235
8240
8237
8240
8239
8240
8240
8240
8238
8239
8240
8240
8239
8240
8249
8239
8240
8240
8240
8240
8244
8239
8243
8240
8240
8240
8247
8240
8240
8240
8240
8240
8242
8239
8240
8240
8240
8240
8244
8239
8240
8240
8240
8240
8248
8239
8240
8240
8240
8240
8249
8240
8240
8462
8211
8194
8505
8429
8362
8497
8502
8515
8546
8532
8531
8532
8530
8526
8532
8538
8528
8543
8512
8546
8514
8436
8364
8336
8272
8213
8251
8245
8252
8222
8239
8254
8236
8242
8235
8249
8231
8235
8258
8236
8194
8136
8062
8031
7969
7897
7832
7813
7833
7840
7832
7827
7854
7899
7945
7981
8034
8060
8091
8142
8159
8166
8232
8241
8240
8239
8240
8240
8246
8240
8240
8240
8240
8240
8249
8239
8240
8240
8240
8241
8248
8239
8239
8240
8240
8240
8250
8240
8240
8240
8240
8240
8244
8240
8240
8240
8240
8240
8251
8240
8240
8239
8240
8240
8250
8240
8240
8240
8240
8240
8242
8240
8240
8240
8243
8240
8246
8240
8240
8240
8240
8240
8250
8240
8240
8240
8242
8242
8245
8240
8240
8240
8240
8240
8252
8240
8240
8240
8240
8240
8250
8240
8240
8240
8240
8240
8245
8239
8240
8240
8240
8240
8248
8239
8240
8240
8240
8240
8248
8240
8240
8240
8240
8240
8254
8240
8240
8240
8240
8240
8246
8356
8129
7910
8190
8042
8084
7976
7985
7973
7929
7959
7959
7951
7952
7944
7948
7957
7956
7955
7952
7947
7974
8062
8122
8166
8240
8265
8252
8221
8270
8251
8251
8248
8229
8268
8260
8241
8242
8240
8237
8253
8313
8400
8436
8482
8575
8619
8670
8666
8653
8647
8653
8658
8614
8561
8522
8487
8451
8396
8364
8325
8281
8240
8240
8250
8255
8240
8243
8242
8243
8244
8247
8241
8240
8240
8245
8253
8358
8241
8242
8242
8241
8243
8252
8242
8240
8243
8240
8240
8250
8245
8240
8240
8240
8240
8251
8242
8241
8243
8241
8241
8254
8242
8240
8241
8240
8240
8255
8241
8240
8241
8240
8240
8255
8240
8242
8240
8240
8240
8255
8243
8241
8240
8240
8240
8251
8240
8240
8240
8240
8240
8253
8240
8240
8240
8240
8242
8254
8241
8240
8240
8240
8240
8254
8240
8240
8240
8240
8240
8253
8242
8240
8240
8240
8240
8251
8240
8240
8240
8240
8242
8251
8243
8247
8240
8240
8240
8253
8243
8240
8244
8241
8244
8254
8244
8242
8240
8242
8242
8255
8245
8240
8243
8240
8246
8255
8243
8241
8243
8242
8240
8254
8243
8240
8240
8240
8240
8252
8244
8240
8242
8242
8240
8254
8243
8241
8244
8241
8242
8258
8243
8242
8243
8240
8240
8253
8317
8439
8119
8368
8517
8363
8448
8520
8508
8545
8553
8551
8539
8541
8544
8545
8535
8549
8544
8542
8539
8549
8486
8410
8365
8304
8268
8216
8258
8275
8225
8255
8249
8250
8243
8253
8258
8239
8242
8253
8249
8246
8166
8096
8068
7999
7940
7885
7832
7827
7856
7842
7828
7842
7899
7931
7968
8021
8056
8095
8130
8166
8182
8198
8243
8258
8247
8243
8243
8245
8247
8258
8243
8244
8246
8242
8245
8256
8245
8243
8247
8244
8246
8253
8244
8245
8244
8243
8244
8257
8246
8245
8244
8252
8245
8256
8247
8243
8240
8244
8245
8259
8242
8240
8245
8242
8245
8259
8245
8244
8247
8242
8248
8259
8248
8245
8241
8240
8241
8258
8248
8242
8242
8243
8243
8258
8243
8245
8246
8241
8240
8255
8242
8242
8245
8243
8241
8257
8249
8245
8247
8241
8244
8258
8248
8244
8244
8244
8248
8254
8246
8244
8246
8244
8247
8273
8249
8245
8244
8244
8246
8257
8244
8246
8245
8245
8254
8258
8247
8245
8246
8243
8242
8259
8247
8243
8249
8246
8245
8258
8245
8242
8247
8243
8245
8260
8246
8245
8246
8245
8244
8270
8247
8242
8244
8348
8144
7911
8206
8049
8074
7990
7994
7984
7937
7967
7961
7955
7965
7967
7961
7953
7963
7955
7956
7971
7984
8074
8129
8175
8255
8276
8254
8240
8256
8265
8249
8261
8248
8269
8258
8243
8245
8256
8235
8274
8331
8411
8443
8505
8601
8630
8669
8670
8653
8662
8667
8659
8614
8562
8523
8498
8448
8398
8367
8321
8283
8244
8242
8258
8247
8244
8245
8263
8251
8245
8249
8245
8250
8259
8245
8245
8323
8295
8249
8259
8247
8246
8242
8246
8244
8258
8248
8246
8246
8244
8245
8257
8246
8244
8246
8244
8247
8258
8246
8247
8245
8244
8243
8259
8246
8243
8246
8241
8247
8259
8249
8245
8241
8246
8254
8250
8350
8760
8047
7871
7816
7564
6424
6014
5000
3717
2785
2683
2793
2788
2788
2790
2781
2780
2778
2772
2770
2771
2761
2772
2765
2765
2762
2761
2769
2773
2775
2768
2780
2768
2772
2775
2772
2773
2777
2769
2772
2774
2775
2769
2773
2767
2773
2774
2773
2745
2551
3539
4823
6768
7511
7665
7881
8228
8497
8232
8135
8307
8270
8282
8235
8257
8260
8244
8244
8244
8242
8254
8243
8254
8245
8243
8245
8257
8245
8246
8246
8246
8247
8257
8252
8243
8247
8244
8249
8258
8249
8244
8247
8246
8244
8259
8254
8245
8250
8247
8244
8258
8246
8245
8247
8242
8248
8260
8248
8245
8246
8245
8249
8260
8250
8249
8246
8243
8245
8259
8248
8246
8249
8246
8248
8258
8246
8244
8251
8340
8414
8133
8393
8510
8364
8454
8529
8507
8552
8560
8533
8552
8550
8544
8549
8538
8560
8558
8545
8544
8556
8489
8397
8371
8303
8278
8228
8260
8266
8232
8262
8254
8257
8244
8250
8259
8243
8252
8262
8252
8247
8162
8095
8065
7998
7934
7874
7830
7828
7864
7843
7829
7837
7905
7940
7981
8019
8063
8092
8141
8169
8184
8208
8241
8249
8246
8248
8269
8247
8249
8246
8245
8245
8258
8253
8245
8249
8244
8249
8257
8246
8247
8250
8244
8247
8257
8249
8245
8248
8249
8254
8261
8249
8245
8246
8244
8247
8259
8248
8245
8244
8247
8247
8258
8246
8249
8247
8250
8246
8258
8251
8250
8249
8246
8249
8258
8249
8247
8244
8246
8246
8258
8248
8247
8252
8245
8249
8275
8246
8248
8252
8246
8249
8260
8255
8246
8248
8247
8247
8258
8252
8251
8250
8247
8250
8259
8248
8247
8249
8250
8247
8255
8247
8250
8246
8249
8248
8259
8257
8252
8249
8246
8249
8270
8252
8247
8247
8241
8327
8183
8086
8054
8096
8120
7976
8035
7982
7953
7955
7973
7969
7961
7965
7971
7957
7958
7962
7962
7967
7980
8037
8100
8164
8224
8275
8271
8226
8256
8250
8270
8251
8236
8276
8257
8262
8255
8245
8259
8244
8296
8377
8436
8468
8553
8614
8659
8673
8678
8649
8669
8675
8640
8592
8555
8506
8468
8425
8392
8347
8314
8274
8240
8258
8266
8250
8264
8254
8245
8256
8260
8256
8264
8253
8261
8373
8255
8255
8263
8249
8250
8254
8249
8251
8260
8250
8254
8256
8251
8261
8229
8288
8235
8261
8266
